3
3
0.1 0.3 3
0.2 0.4 4
0.31 0.5 5
5
0.07099203475193139  0.731057369148862 4
0.06712000939049956  0.768156984078079 6
0.22733466107144407  0.6603196166875382 7
0.029817676716547004  0.806673557557068 78
0.8111701180817663  0.9454162249694203 1
10
0.7306094602878371  0.9187140138555101 1
0.6795571637816596  0.9186071189908658 2
0.02481356043541838  0.07838777450255496 3
0.6992516934753201  0.8049369643305346 100
0.15123210213417404  0.9245810422363743 1
0.0033807088945944086  0.7638354259288844 3
0.7364231848789149  0.9562200971497884 3
0.18868296808848295  0.8236490954363953 4
0.3260987760207651  0.7515484122780622 5
0.23011387269136807  0.2804195352063912 6
